F1 (binary): 0.995488007599145
AUROC: 0.9905381771907149
AUPRC: 0.9995351440980705
Accuracy: 0.9934730333218825
