F1 (binary): 0.9863721804511277
AUROC: 0.9652938104742202
AUPRC: 0.9992573727734773
Accuracy: 0.9800755754036413
