F1 (binary): 0.8386195890684222
AUROC: 0.5
AUPRC: 0.6113946856048822
Accuracy: 0.7220886293369976
