F1 (binary): 0.994291151284491
AUROC: 0.9897290119834073
AUPRC: 0.9982606567189075
Accuracy: 0.9917554105118516
