F1 (binary): 0.9809433063363506
AUROC: 0.9669039081032956
AUPRC: 0.9959583066289366
Accuracy: 0.9725180350395053
