F1 (binary): 0.9914204003813155
AUROC: 0.9861142310754724
AUPRC: 0.9987595210993183
Accuracy: 0.9876331157677773
