F1 (binary): 0.9933460076045628
AUROC: 0.9872568240971281
AUPRC: 0.9987429624660422
Accuracy: 0.9903813122638269
