F1 (binary): 0.9954965631666272
AUROC: 0.9890174640903536
AUPRC: 0.9981912262241126
Accuracy: 0.9934730333218825
