F1 (binary): 0.9827789573012503
AUROC: 0.9621059583021173
AUPRC: 0.9973470348995161
Accuracy: 0.9749227069735487
