F1 (binary): 0.9756788665879575
AUROC: 0.9500275798315573
AUPRC: 0.9960136511835761
Accuracy: 0.9646169701133631
