F1 (binary): 0.9834593572778828
AUROC: 0.9647204557670074
AUPRC: 0.9974380406085898
Accuracy: 0.9759532806595672
