F1 (binary): 0.9823238274805562
AUROC: 0.9604896860838874
AUPRC: 0.997528393670732
Accuracy: 0.9742356578495363
