F1 (binary): 0.9749821300929236
AUROC: 0.9563950513902234
AUPRC: 0.9961350796921937
Accuracy: 0.9639299209893507
