F1 (binary): 0.994291151284491
AUROC: 0.9897290119834073
AUPRC: 0.998659433302898
Accuracy: 0.9917554105118516
