F1 (binary): 0.9729600382866714
AUROC: 0.9563929931938386
AUPRC: 0.9940966549224499
Accuracy: 0.9611817244933013
