F1 (binary): 0.9858290033065659
AUROC: 0.9686198558321639
AUPRC: 0.9972757480002559
Accuracy: 0.979388526279629
